AMMQQ ’9
134 [0990999970 99099999 099099999999- Ξ x
. :17453 292519'943295 7⁶9236
. ·34906 989099 886999 998979 899
. 49599 877999 899857 907790 799
. ,6999 970079 77999 076997 699

. .87966 1469599 796478 846984 558 ··
. 904799 755999 699774 695499 446>
. ¹122173 047659 605070 584658 554’

·. . 139626 990999 996966 999899 969

s . 157079 659679 489669 995959 969

. 974999 999999 999997 699969 077
. 999986 997799 576955 469605 985,
. ,909459 590959 599549 950849 899

-m .- Μ. mnu-m ι

. 996899 809759 969845 000079 800

’ἴ · 244946 095979 906940 769596 708 -
‚² ¹5 · .²⁶¹799 987799 949996 998999 696
2 96 . 979959 680599 099759 507790 523}

j„‹ 17 . 996705 979859 050098 077097 459

9 · 994999 969598. 979999 846964 998

f . 559699 55778 999699 695509 946

j> 20 . 549065 850598“ 865995 584758 9545

99 . 566599 949998 809999 955975 061 '
; 22 . 383972 499998 799906 999999 969

5 29 · 401425 7²7958 695802 692448 877

(ss 94 -. 498879 090478 659098 469685 784

.' 26 . 455785 605598 595690 000959 600
· 9 · 9499 899 999 9949 98

¹· 29 · 906999 489078 999977 907870 999
4 · 999998 779998 298879 Ο77907 999
. 549059 068998 949968 846544 958

,558505 560658 985464 695589 0465
’· 979998 699998 ,99 760 94897 994
. 599499 945678 079056 954054 869
. 690865 958998 095559 995999 769

. 698598 550797 958647 699598 677 x,

 

