&QQQMMQMMMQ
01111111 1111111. ; 1718

l

491401 641601
= 151004 461404 491804. 644104
, 253009‘ 494209 644899
154016 495616 1646416 8
155015
χι1 156046
25Ξο49
, 15 064
x .259081
3 160100 *47440οκ
ι 161111 474411

161144. 474144 1
164169 475769
164196 174996

484161ὶ 516961 670761
484400 518400 671400

-ἠι-α ——n- -a-m— *na-—

171441 485641
171484 486884, s
3 174519 488119
ἢ 174176 189576

’ ζ 176676 491876 ’
11414 4144 ²
1 179841 191641 3 687141
496900 688900

1 (’
. 2 544461 4876

, x 184014 499414 54414 691114 868614 .
J 1 1444089 400689 , 547189 694889 870489

401916 118796 699916 872356

 

