stvstststaststfflmm}

1 2 ιι 4048 41 4097154 41 4447484648

4 4 14 4096 44 4194404 44 44949674968 8
8 14 8194 44 8488608 44 8589944594

. 4 46 14 46484 44 46777416 44 17179 9484
4 44 44 44768 44 44444444 44449444 68
6 64 16 65546 46 67108864 46 68719476746
&xlm 17 141074 47 44441774 47 14744 954474

DIGNITATES BINARII. Ξ

456 18 464444 48 26 445456 4 4748Π906944 8

9 514 19 544488 49 546870944 39 549755814888 ¹
ξω 1044 49 1048576 40 10747418 44 401099544647776 8

4 09044994 ss 094408968
ῌ9 04 6511104 52 4504 599 273 70496
87980 93088008 53 90071998547409928 4

17592186044416 54 18014 984094 9844 ⁴

4 400440889 4644904099 ¹

8 709907096
099880448 w 004884880
484474976740656 58 4884 0376151711744

49 5629499534213121 59 576460752303423488
112589990 42 24 60 1152921504606846976

0084906044
461168 4 47487904
0090684488
44604004086
4-6894 488147419104444

7447869764948 8406464
mwaufi4mw>
4409079400444

8 8
,ΞΘ

ἅψεα
00
00
00²⁹
Ox
00
Q

59029, 10 35 705 51712
118059162071741130 424

'Q ΟκΟκΟκΟΝ
OQ 00N¹ 0&

<5

00000000000οῆ0οι00000004

 

