pstmfflfflstdstmm
‘effi4 ’ Νο4111Ρ1011171

1111. 1111111111. .

461 791 1287

914 1716 3003
79² 1716 44 41 6141 1
1187 1001 6411 Ι1870*

4004 11440 14410 5 4

· ¹ 11476 “ 41814 ςέζὲῗξ ,
18464 40488 ¹25970
*38760 186888 ξῗέζζὲ

Ι ὶψῂκ-ι--ι-

4 11 141 1771 10616 44140 140140 888040 41081048
4 11 144 1014 11640 64780 196010 1184040 4191144
f 14 176 1400 14940 80740 47674 0 156& 4841914
24 400 1600 17440 982& 471010 1044 00 788 8714
²5 1110171 ²047⁵ ¹1⁸755 111771 101117110113100

ᾗ ἔξ gg} ἑοςὲ ΖΞΔὲς 169914 906191 4171048’ 18146104
29 11 111 111 11146 111111 17114
Ξ 30 465 4960 40920 178146 1614160 8447680 48608010

4--1.-.-..-..
616 441 4176 14741 141406 746181 446484614884146“Ξ
- 1 ,ηῆέὲἓῗὶὣῆᾱῆᾱῆῠῆῠὲΰὲἓΐὶῶὶφὶθῆΰῆἒὶβὶῠῆθἱύῆεὲὴῦῆἒῆὐὲὶέ8

 

