8707700770 emen 7777770777 nmmum. 777

TAB. XXIX.

0000 00000000 0035 00749777 0070 00696770 ,7
0007 00070000 0076 00779777 0077 00706477

0. 002 0.0020000

0077 0076 9493

0077 00776768

0007 00070000 0078 00779477 0077 00776770 J*

0004 00039993 0309 007 9307 0074 00733938 ’
7 0007 00049999 0040 00799760 0077 00747787 ·

ζ 0007 00069997

0008 00079993

0074 00779977
0077 00749966

0076 00779959
0077 00769977
0078 00779947

ι ¹ 0079 00789977

0070 00799970

0077 00779894

- 0077 00779 878

0074 00779867
0077 00749844

0077 00769807 .

0078 00779780

0047 00409777
0047 00479779
0047 00479707

0043 00339148 ·

0049 00488877
0070 00498770

0077 00708677
0077 00778794
0077 . 8
0074 .

0076
0077
0078

00777670 ζ,

00767477 f.
00773254 0

0084
0087

0 086
0087
0088
0089

π, 00768748 ·
0078 00778049 ,
0039 00387946 ·
0060 00797840 .

-uuh- ,μμ-...- Μ unu-0...-

0076 00779874. 0067 00607770 0096 00977777

0067

0079 00789776 0064 00677779 0099 00980797
0070 00799770 0067 00647774 0700 00990000

0077 00709 07 “ .
0077 00779677 .
0077 00779647 ,
(8084 (80839607 ·
0935 (8084987ι ·

, 0104

0707 0 7078474

 

00834073 ’ ·
00847879· .

00853639 ’
0086 7774 1
00877787 ¹,
00887970 7

07078777 “

