 
    
   
        

 
    
   
  

 

 

 

 

 

t* ¹ ““““- 7 ᾖ,
x² ,πῖ x* x* x& ξ
1156 039104 01336336 00454154 00154480 ζ

1225 04-2-§75 01500625 00525259 00183827
1296 04665 '‘016796'1-6—“0‘5604662 “7052176755
· 1369 050653 01874161 00693440 00256573
1 4 44 054872 020851 36 Ξ

1521 059319 02313441 00902242 00351874
1600 064000 02560000 01024000 00409699-1Ρ·

 

 

 

 

 
   
 
  
  
 

  

 

 

 

 

1681 02825761 01158562 00475010
03111696 01306912 00548903

03418801

085184 03748096

01470084 00632136 ’
’01649162 00725631
04100625 01845281 008303Ζζὲ

097116 04477456 02059610 00947410
04879681 02293450 01077922 ὃ
05308416 02548040. 01223059 >>
05764801 02824752 01384128 2
06250000 03125000 01562500

..Ἣ-..- -n—

06765201 03452525- 01759629 >>
07311616 03802040 01977061
07890481 04181955 02216436 2»

 

 

 

...—

 

 

 

3533

,2916

3025 09 ¹ 50625 0503 2844 02768064,

  

 

 

 

 

313-6- 175616 ’09834496 05507318- 03084098 3
3249 185193 10556001 06016920 0 ,29644
3364 195112 11316496 06563568 03806869 3.
3481 205379 12117361 07149244 04218054
3600 2 1 6000 1 2960000 07776000 0466 5600->

 

 

*mn—*Um

3721 226981 13845841 -
3844 238328 14776336
1969 250047 ¹575296¹
4096 262144 16777216

10737418 06871948
422-ςῂᾓὲ274625 17850625 11602906 07541889

’ ζ 4356 287496 18974736 12523326 x 08265395
· 4489Ι 300763. 20151121 09045838

09924165 06252150

 

 

 

 

 

