360527 412030 464744·
470744 404747 476777 .
- 387747 435777 490777
7 74444 7777

{61089 477770 487477 747633 . “
477477 440764 476770 774077
s

440524 704476 766488
6 44777Ι 704740 776707 ··
764647 770474Ι
< κ ¹ 747404 600666
’440777 407777 477477 747777 664777
, 447407 466777 46676Ι 7777767774 ’
767687 646476 ,

477670 446604 704748 Ι777476 647406 .
367677 438877 577948 787083 678778
377777 447887 570707ι 594776 668830
{W 2232}ss {3233} {3353} {5323

-u—-u—-n———m———o-—u

388573 466788 544007 677777 699437 -
4 . 394007 477806 554607 630409 709770
ὲ --477466 47746Ι 777047 646706 766777
404508 485470 566377 - 647774 778775
407776 47447Ι 774406 677464 747747

3 474579 497473 780376 663730 746734
3 , 419335 503202 787067 670746 774804
- 474004 706606 774644 676446 ’764744
406764 774400 600067 667744 77647Ι

433073 779677 606778 697870 779473

 

