0040 00007490 0044 00404949 0080 00480480

Ι--ι--ι--ι--ψ--η —u--un— -u-——n——a *n*—

0.211 00046064 0046 00444444 0084 00488440
0044 00044749 0047 00449408 · 0084 00494744
0044 00044464 0048 00447470 0084 00604448
0044 00044997 0049 00444648 0084 00640947
ι 0044 00040646 0040 00444740 0084 00648409

. 0086 00646064

0047· 00067846 . .’ 0087 00644604 ἢ
0048 00 6498 .’ . 80 · 0088 00644444

, 0049 0οἓ84964 0044 00476449 0089 00648644 fx
04440 00094440 0044 00484486 0090 ,00646440

-ι--ι--ιι-εηι--ή -ι--ιι-Μ-Ι--Ἀ -ι--η-ιι--ω

- 0044 00404064 0046 00494448 0094 00664478
04444 00440490 0447 00400444 0094 00674049
0044 00449404 0048 00408464 0094 8464

’ 0044 00447606 0049 00446460
0044 00446094 0060

. 0096 00700647
0047 00444040 0064 00440444 0097 00708049 ,
0048 00464476 0064 00448086 0098 00744464
0049 00469949 0064 00446004 0099 00744604
0040 00478440 0064 00464904 0400 00740099

0044 00486746 .
0044 00494448 0067 00479648 0404 00744464
0044 00404407 0068 00487444 0404 00744849

’ 0044 00444874 0069 00494449 0404 00749044 .

0046 00448447 .
0047 00446879 .
0048 00444487 .
0049 00444484, ι.

0044 00470044 0076 03¹¹!—07809138- ι
0,242 0‚2278275 0,277 (λι-557461 0412 0.2816287
0044 00486444 0078 00565440 0414 (81324857,

0044 00494744 0οἔ9 00474844 04444 008
., 2. 0044 00404949, ¹0⁵2¹

0ἱ 00480480, ,ἢ ,8 ,2

 

