Rfiffwwffistnffwfflffistfflffffwwffistfflwwwumstaffl
Η111111101101. 1ηέ

TAB. XV.

. Logarith.

, 16114449 144 16741146 .

. 16144100 111 16770961 '·

, 16144100 146 16789649·

, 16174060 117 16808178 1470 17404661 1
. 16194881 118 16816881 8471 17411199

, 16144408 {ig 16864989 ·.

4.Οὸ 16154111 541 16881491 .
. 4.09 16171778 441
8 478 17461414

180 17178179
μ 181 17191801
. . ³. 17019181 181 17614001
417 17047481 484 17640170
118 17064646 184 17647408

1 119 3 17081778 181 17664416
4.10Δ . 17101878 486 17681496

. , » · 17119914 11698116
111 16111971 451 17117979 188 17711167.
114 16111111 116 17111981 189 17711119
5‚24 16464114 ., 17174940 490 1.

414 16481180 158 17191887 .

’ ’1ἶῖ 16601110 119 71 17781164
417 16610404 460-ι1.7117666 7494 17800141
4.18 16649160 461 17144407 ;1.94 17817091 · ·

119 16618181 161 17161116 ἐ191 17811911
81 1196 17810704

——nu ..α- . ...β’-...Η ,-

, -1-..6677068 ,

111 16691918 161 17198810 1197 17867169-
,111 16711711 161 17116111 198 17881101·
16711111 166 17111118 199 17900911

8 6.oe 1.7‹)17594

 

