Ι6220224409 Amnum

⁷ 2422. xxxa

10:0715795 5 299193 9· 7848898 ἒξ 68 88 g
Ι.200764086 5446490 97462088 28 34..280
20 0824258 5492929 967475 17 29. 22. 490

4724764 ,97484922 2950152

. 97692287 30. 26, 47 0
200976524 6028250 97794640 31 2247 ,
202044679 6256625 97894420 423,7 78
, 6294204 97988728 42. ,22 ..590
, 6427876 98080675 2242 464 .
20, 2222202 6560590 9. ,8269429 3.3 25. 579
10. 2289265 6692406 9 8255209 43 47. 2 5 7
.10·1358725 ⁶819984 9822 822 2444478
101430659 6946484 98417722 3447100
202 405240 7072068 98494850

4444444224 7193398 985693416 2442442 <⁸
9426 6888 {6763}{⁶ 4 37155

101830571 7447996 98777799 27· 4419

1991025 ..2662444 ,2804422024

1422022282 7772460 98905026 47..52 8,7
202206580 7880207 98965422 38,,2428.6 ,

10. 2205370 7986355 99024486 48, 46 44 6
20. 2407824 8090270 99079576 48, 58, 244
· 102414087 8191521 99222644 29··49229

...ια’-*,- mmmmm-au·-

42424282 4244244 99284742 29· ³[.⁹³6⁰ 9·
88. 8757388 8430681 3888848641 849). 88· 58· 8 ν
20 2882607 8572674 99330646 40 3⁶ 78 .

204020400 8660254 99475406 4053 3⁶2

 

