301 1.1019400 334 11039707 36713001916
301 11031368 333 11989603 3.68 13029127
303 1.1085626 336 1,11194ο9ἰ3,69 13036164
, 11118373 337 311149117 370 130 3318

,8 11178737 3.71 1.3110318

——m—-

*339 1,1108199’3,71 1.3231736

¹·2237754 373 1.3163082

11167111 3.74 13190836

. 342 1.1196403 375 1. 3217538
. 343 ¹.23256c5 376 , 8

. . · 1·²3547¹4 177111170749
, 303 · 11383741 117811197140

>w

3

,⁸ 314103303 3.461,1411683 379 33313660 -

38 13330010
8 1. 3376191

381 ¹·34C2504
383 13418648
181 11111711
383 33480731

116119 8 386 1.

κι-ψ- --—-·——---——

. 11641166 38713331344
111 11161171 1111 11111111
8 3156 32697603 38 , 8 1

111 11911617 · · ·
. 11019711 366 1112971161 3·

.’ 13001916 4.οο 33861941 .

3306671 ’

 

