'·Cmcummnus'AuALoen.

7777. 7777777. - '

700007646
70 0009996
700070997
70 0076998 8

, 700079897
’ “ 10 0032493
..700047477

, 3333

10 0080994

799997976 4979777 97778789 ΙΙ444Η
. 700777767 7749977 99970880 77,4.,0998
‚ . 700790999 7479779 93836752 13·35·59·3
10.2015056 7988790 94129962 1403· 0339

-u——a-*uu-——u—-n *···-‘·-

799777784 4776774 94497787 7744767
090779409 7979777 94699999 76..7790,7
Ι 700777997 9090770 94899824 .· · ι
10.0243299 9799687 99776479 78,.7 70 ἱ
707070747 9470707 99940977 7897947

, 799478487 778 679 77747794 7744778
Ι997 8747 7746966 9777 774 4977 796
10·0359739 7997777 77978789 47···49777 ·
700997698 4067966 960997 99 77 8. 0,7 r
’ 700477749 4776789 96799489 ...4 ’
’ 799467797
. 700 07790
’ 700940697 4694776 96776099
700987807 4848096 9.6855712 7997 52

 

