6996463 19696195 22026893 1188988Ξῇ
· 64 6366359 99593938 99811799 19.3118189
65Μ 6549448 91445969 93669916 19.3313975

66 6795955 99469368 94585933 .

67 6111174 11118114 11111641 161111481.
v 7111411 14116861 16614611 161111164

69 7399331 96959891 97994981 19.4158996

7116811 11474774 11118644 164181141

9198569 49197899 41335655 196939989
1411461 41114111 44414111 166166111

781878171 41646161 48613141 106725255

. 81 11949158 6313 .
89 11553563 71153697 71859965 198591975
83 99135139 81443464 8655999 199198569
‘ 84 11811041 11141641 11661111 16118111 ’
85 13599959 11.4399593 11.4737139 11.9589489
86 14569169 1439116663 . 1 . . ,
¹ « 87 1.5819321 19.0811367 19197 7996 11.9899949
8 8817589785 983669533 98653 98 1113569169>>

81 16111416 171811617 1111116881
99 ¹ 19611111118911. 46.

 

