mstststmststststststxststststststm
4 136 [0110111100 1110114114 01110 110 0141111111

{75} TAB. 1111111.

,1 141964 41161611 611774 1611144 491
4 478880 109888 488868 888881 7ae ’
1 496164 401191 464661 448941 614

“ 81 1 414716 694115 406957 408189 414

81 1 441169 986644 440144 077416 440

’ 84 1 448614 179144 194448 846664 448
, 84 ι 466076 571675 236844 614900 116 4

. 84 1 484419 864194 180140 484147 144
’ 1 86 1 196981 116711 111416114171 664

1
884,
Ξ

· 87 1 41844 6 449144 066741 914610 969
1 111889 741744 010017 691847 876

96 1 470796 416794 896619 141411 691
1 4881149 619414 849915 000653 519
ἐ 92 1 604701 911844 781110 769795 507
¹ 1 614146 101444 716406 449041 414
, 1 640609 496874 669801408169 411
1 648061 789494 614098 077406 140
1 671116 981914 116191 846741 118
ἰ

691969 474444 499689 614980 046
710411 666 944 441984 484116 944
1 717871 919474 186181 114411 861

1 1 711119 111994 19176 911699 769

² 1 1 991191 101191 191491 168118 911

1 617991 877991 494161 181116111

4 141491 644489 794 4148 461644 484

4 664191 119188 091111 449740 614

796 164766 196984 616817 44

4 711188 986184 689817 691961 671
Ξ11118 33 111 111111 -

ἰ 270
, 116
460

 

