1²60 SINGULIS emollius.

-TAB.xmu

. 647777 8ἶἲἶ8ἧ“““558588”““88ῖῆ8ἒ””“ἲ8ἷ“
. 665775 115757 845759 751007 497

. 680678 408777 7 555 000759 400  ξ
.. ’· 69817 77-Έ6797 777876 76947 „m
. 715584 995517 675176 558715 715

’ .“ 755058 283& 6184775 507950 175
· 750491 7787777 767778 677787 677
. 76 144 870877 50 01846475 98
: ’688 888 8ιὲἓὲ 888 78
.’ 870504 748457 554901 154154 661
. 877758 040957 778196 975571569
. ’855711 555477 771497 097608 477
. 877664 675997 164788 461845 584
. 890117 918517 108084 751087 797
907571 711057 0515 80 000319 200

· 977674 767776 994677 769776 767
· 947477 796076 977977 778777 677
. 959951 088596 881767 508079 975 .
. 977584 7811 6 87 4565 077766 830

· 994877 677676 767878 846767 778
1 017790 966156 711154 615740 646
7 679744 478676 674456 784977 774
1 047197 551196 597746 154714 461

⁸*—

61 1 064650 45716 541041 975451 569
67 1 087104 156756 484557 697488 777
65 1 099557 478756 477655 461975 184

1 1176ἓ6-6771776 379939⁰ 751167 097

1 15446 4 01 5796”“”ξι4775“ 000599 000

1 151917 506516 757570 769655 907
1 169570 598856 700816 558877 815 >

1 771750 478596 050705 8465 5 558
7 779787 768977 977999 677 76 446

1 186875 891556 144117 70 08109 775
1 704777 18 5876“““ἶ888ἶ88“““577“88”““8“5”’
¹ 776677 667477 977797 787677 3933

86888868ἓέ88688616886Ε8936889888Μ

 

