33}ssss

...ι-ιιι..-

00150559 00096817 000170

00171819 00116881 00050159 00011611 C0⁰09293
00519178 ’00140481 00061811 00017197 00011967
00373669 00168151 69975668 00054051 10011815

...ιι-.-

00455818 00100476-00091119 0004141100019517
8115 00111915 00051599 00014711 ·
κ 00155560 00064915 00051164

1 ⁵ ..2978H50 00590615 00195511 8008878ἓὲ Q&

«ιι-ην “m “—

00897411 00457679 00155417 00119041 00060711

, ἓῖῗξῗξῖἶ 88887 8ξῖζὲζὲ 8888 8108ΞὲΞὲ
15010 00590451 00110855 00115850

’ EQ 0111012111οὲ

· 01717095 00967175 00541617 00505506 00169851 Ι
8 01114191 00655146 00561055 00106555

’ 84 01180651 41766 00450804 00149
ι 8651 01468505 0066500 00511117 00501519 ·’
01799560 01679616 01007770 00604661 00561797

——q

05141611 01916999 01169569 00715115 00455061

05511615 01185401 0155509 0089561 00510404
05958981 01481558 01565581 00984950 00610506 -
01801456 01151919 00757868
01071196 01546171 00875078
5600406 ’01576168 01568557 01055101
06060711 04060677 01710655 01811858 01111501 y

Bb

 

