ststst Mststststststststmfflss ι
96 87070775 0777077777. ·

58509519 67 87857518
59780798 68 87467777
60000000 69 85066759
60877675 70 856660οὲ

67644740 77 8476749

..η-..- -—-—·--—-—-

6·2449980 7² 8·4852814
67145557 77 84449977
64047747 74 8·⁶023²53
7 64807407 75 86607540
65574785 -76 87177979

-μψ--ι-φ--ι--μ-

66774496 77 87749644
. 67087059 78 88477609 ,
75 56055575 46 67875500 79 88887944

14 77416574 47 68556546 0 8.9442719
3.8729833 48 69787057 87 90000000

t 16 . ’49 70000000 87 90555857 >
77 47757056 50 70770678 85 97704545 ᾗ
78 47476407 57 77474784 84 97657574

ᾗ 79 45588989 57 77777075 85 97795445

54 77484694 87 97175791 ,
, - · 55 74161985 88 97808715
’ 27 47958715 56 74877148 89 94779811
Ι 74 48949795 57, 75498744 90 94868770
, 75 50000000 58 76157771 91 9·5393920

*aq—u·— ———..-.=.... ...Q-*w*- ψει-«ι...

26 5·0990195' 59 76811457 94 95916670
27 51961514 60 77459667 97 96476507
28 54915914 61 78101497 94 96955597

57 55677444 64 80090000 97 98488578
32 56568547 65 80677577 98 98994949
33, 5.·7445676 66 87740484 99 9·9498744
77 98709579. 67 87855578 700 700000000

 

