480ι 1804440444 0944404044
¹ TAB. XXXVI.

100. 200.

4406104 ’44844904 47449704 81746504
¹ 4460475 14977874 47494474 84414874
4444446 44444446 47944046 84884846
8ἶὲ8ζέ 888Ξέ 8ἑίἶῖἓέ 88Ξέ8ζέ

l ,

ww 69419-188-5619 44644949 ’48948449 84604449 ,
,340 64000 4744000 44844000 49404000 84484000
4¹ 689414 4804441 44997444 49644844 84766444 ·

42 74088 4864488 44474488 40004688 86440888
’ 44 ,4944407 14448904 40444607 86948404

7145 94444 4048644444706444 44064644 88444444

· ⁴ 97336. 4444446 44886946 44444746 88746446

7 104844 4176444 14069444 41781944 89411644
’44444794 44444994 “Q 8

4407949 ’14148449 41408449 90411449“

44 85184 4984984 W& W ἓ ·
1

«ἰ ¹3 4444941 14814151 44144451
„3 ¹ 40608 4444808 46004008 44644408

{ss 166474 474487416481474 44748875194196474

5⁶ 474646 4796446 46777446 44448046 9484846 ,

² 185194 4869894 16974494 44499494 94444994
494444 4944444 47474444 44884744 -9-6-071-9-11-

ΜῊ-ηῄ-

, 4019679 17474979 46468479 96704479
4096000 17476000 46656000 97446000
4474484 47779484 47044884 97974484
4444448 47984748 47447948 98644448
1440747. 18191447 ’47844147 99444847
4410944 18499744 48448444 9911974447
4494444 48609644 48647444 ζ.
4474496 48844096 49047896 404494696
1647464 19044164 49440864 1018174641,

 

