’ qstwssffimmmfflmt

3 44404οὲ 8440604 5270&- Ξ44844444 4 “
¹ ¹²⁰ 3323?ss {⁷012 488447
8489664 2 94464 64949464
4457645 8644445 48474645 66440445

6 28652616 66923416 '

9494944 40080444 69446544 s ·
ψ

ἱ 4944 4604644 02 1

· 5844 4644044 4046044
6849 ι684449 1050 459 ·
8000 1728000 106

. , 9464 4774564 40794864 44 ¹
40648 4845848 40944048 44

, 44467 4860867 44089567 ·
444 44444 444444

Ἣ

26 17576 4000476 445444
49684 4048484 446 4 4
. 444 44444 44444 44444 4444
.- 39 44870Οὲ 84467898 {293700g {933}ss ’ἦ
851 29791 2248091 44446494 46464694 80064994 ⁸.
44. 44768 4499968 44487468 46594468 80644568 2
44 44947 4444647 44649447 46946644 84484447 » -
34 39304 4406104 44844904 47459704 ⁴ 84746504 ζ

, 4096 ’Ἶ560896 40044494 ¹
3

*mevwm '

 

