:ff‘

1111140113-

, · λλλλλήυλλλλλλήελλλήε λήψεήψες
ἓξὲξ. Τ Α Β. XXVI.

  
   
   
 
   
    
    
    
   

 

 

 

 

 

 

   
    
    
    
  
    
  
   
   
   

 

 

 

 

 

 

 

 

 

 

 

 

 

 

 

  
 

Gr. δίηυε.Τ111ῗ,εηε.ἱ Secaus, Log. Sin. Log. Tang.
1 174524 174551 10001515 8. 1418555 8. 2419 115
1 548995 5491 108 10006095 8. 5418191 8. 545085 8
3 515560 514078 10015715 8. 7188001 8. 7195958
4ι 697565 6992 '63 10024419 8. 8455845 8. 8446457
ςί 871557 874887 -. 10058198 8. 9401960 8.( 9419518

6 1045185 1051041 10055081 9 0191546 9. 0116101 Ξ
7 1118695 1 117846 10075099 9. 0858945 9. 0891458
8 1591751 1405408 10098176 91455555 91478015
.. 9 1564545 1585844 10114651 91945514 9.1997115
10 1756481 1765170 . 10154167 ἡ 9. 2396 701 14651889.
. 11 1908090 1943803 10187168 91805988 91886515
- 11 1079117 1115565 10115407 9. 5178789 9. ,5 714745
’ 15 1149511 1508681 10165059 9. 5510880 9. 5655641
- 14 1419119 1495180 10501655 9. 5856751 9. 5967711
15 1588190 1679491 10551761 9. 4119961 9. (4180515
,“ ¹⁶ 2756374 . 2867454 Ι0404994 9 440558Ι 9· 4574964
⁴* 17 ²92 3717 3057307 Ῑ0456918 9· -4 659ἒ53 9- 4353< 390
18 3090170 5149197 10514611 9 4899 14 9. 5117760
.9 51556815445176 10576107 9. 5116419 9. 5569718

10 5410101 36 39702 10641778 9. 5540517 9 (5610658 S

 

 

 

 

 

 

Ῑ07114ςο ἶ 1165451919 5841774ξῇ
¹{0785347 9- -5735754 9 6064096 ἐξ
0865604 9. 5918780 9. ,61 78519
10946565ξ 9 6095155 9. 6485851
Η053779 ξ 9.,62 §9483 96686725

3907311 4244749
(< 24 4067566 4451187

3583673 5858640
.157406 4040161
4116185 4665077

 

⁴——

 

 

 

’ Q 4383712 4877326 ῙῙ126019 ἶ 96418410 96881818

²7 · 4539905 5095254 j 11115161 96570468 97071659

5 ²⁸3 . ’40947ῑὸ 53ῐ7094, 1132 5701 96716093 9.7256744

gn ²9 ι 4848096 5545090 ι1453541 96855711. 97457510
ᾗ 30 5000000 ⁵773503 , 11547005 9·6989700 9.7614394 ζ

 

 

ἐ

