ΜΛΜΑΜΛΜΛΜΜΜΜΜΛ
NumssanonnAs

·TAB. XVII.. ι

2²⁸· 3²²²· 51’· 7⁹·

4 64 445 544 4000 4745 2688 4050 6000 8454
70 440 545 4008 4748 4700 4056 6048 8444
4 74 445 540 40444750 4744 4446 6075 8400
75 445 560 40454764 4800 44006445 8505
5 80 450 567 1050 4754 4845 44406444 8575

6 84 454 56 4080 4800 4880474 6475 86405 .
7 84 456 588 4440 48444546 44756450 8748·
8 90 40 600 4445 1875 4540 4440 6474 8750
9 96 4 645 4444 4850 500044 6400 8820

. 40 488 640 4454 4540 4074 45006400 8560

44 400 454 640 4476 45605 087 4546 6480 ’5000
400 648 4400 4000. 5445 4608 6564507 ·
15 108 315 674 4445 4046464704 6645 5446
46 444 440 675 4445 4045 44504745 6740 5475
48 440 444 686 1250 4048 5400 4800 6750 5448

“Qun——

20 445 446700 44604058 5440 4604 0804 5450
44 446 444 740 44804400 5460 48606860 5600
44 448 450 745 4456 4460 5475 45006544 5604
45 455 460 745 4444 4487 4404 50407000 5740
47 440 475 750 4444 4405 44505040 7056 5840
48 444 478 756 4450 4440 5456 5404 7468 40000
50 447 484 768 4474 4 50 5500 54407400 40080

46 464 405 840 44584554 4600 5450 7450 40440

40 468 440 840 4470 4400 5645 54547 7476 40450
44 475 444 864 45004404 4675 54767500 40468 ,
45 480 444 875 4544 44405688 54007560 40500 “
48 189 448 882 ¹536 ²450 3750 5488 7680 40584

“ 40 192 450 856 4568 4500 4780 4600 7840 40744

'50 456 480( 500 4575 4540 4840 56457875 1080?-
smwfflmwmfflwwwfflww
56 440 450 560 4640 4554 4655 5760 8000 40576
60 446 500 574 4604645 4000 5844 8064 44045

64 444 504 580 4704 46464044 58808400 44400

44 450 454 784 4400 4468 5548 544, 7404 40445 ³
. 55 460 400 800 4440 4404 5584 5484 7440 40406 ζ

Wwwwvvxvvwwvvww

 

