,- ³ . {qssaaflflanaaff
Τ7700770777777077. 147 ‘

77
33
34
35

37

779. 777777.-

5750787 6008606 77666774
5799197 6748694 11791784
5446790 6494076 77977677
5597979 67450851 77067780
7775764 7007075

7 . 5877857Ι 7765476 77760680

6078750 7535540 12521357

9·7242097 97977891 x .

687761083 378177174
’97477617 98789874
97587917 98477467 .

9·7⁶92.187 · =
97794670 98771144

38 6756675 7877856 77690787 97897470 98978098

stu

43

³ , 7477448 77706777

6797704 8097840 77867596
6477876 8790996 ’

97778778 9908 690 f -·

6697706 9004047 77456777 8
6879984 9775151 17677775 8
6946784 9656888 77907676 ,8

Ι7197798 10757707 . ’

7777777 1077768717
7547096 77507684 75747577

:³ „7660444 11917536 15557238

¹ Ἰ 7880707 77799476
. 7986777 17770448

8790776 74875670 77887976

‘ 8786706 15798650 18760784

8480487 76007745. 78870799
8577677 76647796 79476040
8660774 77770908 70000000

98569747 700757678 f·

“ 9.8641275.'10.0303'441 ·
· 98710777 8100466686 ’7 ’

ι

98777799 8100078187ἓὲ 32 ,

797797 ἶ
99784705 .

· 99770656 707777767 ζ

99777796, 7777785606 7

 

